CM01 0 -0.001669 -0.001624 -0.001669 0.001303
CM01 1 -0.003209 -0.001603 -0.003209 0.001758
CM01 2 -0.001307 -0.000202 -0.001307 0.003978
CM01 3 -0.002004 0.001651 -0.002004 0.004901
CM02 0 0.003277 -0.003476 0.003277 0.015923
CM02 1 0.003509 -0.001894 0.003509 0.009803
CM02 2 0.006466 -0.003842 0.006466 0.004954
CM02 3 0.001833 0.000107 0.001833 -0.000378
CM03 0 -0.002443 -0.008615 -0.002443 -0.018154
CM03 1 -0.005999 -0.010794 -0.005999 -0.014514
CM03 2 -0.003672 -0.011749 -0.003672 -0.013737
CM03 3 -0.004830 -0.011885 -0.004830 -0.015152
CM05 0 -0.001104 0.001035 -0.001104 0.001827
CM05 1 -0.001721 0.002459 -0.001721 0.003029
CM05 2 -0.000485 0.002459 -0.000485 0.001810
CM05 3 -0.001994 0.003536 -0.001994 0.002680
CM06 0 -0.001755 0.001951 -0.001755 0.005501
CM06 1 -0.001457 0.003700 -0.001457 0.006971
CM06 2 0.000250 0.010067 0.000250 0.009467
CM06 3 -0.002319 0.010172 -0.002319 0.010226
CM07 0 0.002985 0.008727 0.002985 0.011286
CM07 1 -0.000199 0.008331 -0.000199 0.010777
CM07 2 -0.000925 0.006307 -0.000925 0.011096
CM07 3 0.000062 0.007355 0.000062 0.006743
CM08 0 0.000100 0.007626 0.000100 0.007748
CM08 1 -0.003696 0.004244 -0.003696 0.007478
CM08 2 -0.003817 0.003532 -0.003817 0.005512
CM08 3 -0.002045 0.003508 -0.002045 0.002447
CM09 0 0.007475 0.000157 0.007475 0.007706
CM09 1 0.003828 -0.000024 0.003828 0.008352
CM09 2 0.004776 -0.001720 0.004776 0.006725
CM09 3 0.005896 -0.001856 0.005896 0.004902
CM10 0 -0.001400 -0.003816 -0.001400 -0.011222
CM10 1 -0.006042 -0.004081 -0.006042 -0.010339
CM10 2 -0.005441 -0.008011 -0.005441 -0.012340
CM10 3 -0.004790 -0.009348 -0.004790 -0.009780
CM11 0 -0.002608 0.003094 -0.002608 0.001343
CM11 1 -0.004092 0.002660 -0.004092 0.000721
CM11 2 -0.003325 0.002722 -0.003325 -0.001575
CM11 3 -0.004328 0.002645 -0.004328 -0.002592
PM04 0 -0.004909 0.004889 -0.004909 0.006549
PM04 1 -0.012603 0.010063 -0.012603 0.010446
PM04 2 -0.001387 0.007358 -0.001387 0.007784
PM04 3 -0.007231 0.012071 -0.007231 0.011829
DA41 0 0.000145 -0.021051 0.000145 -0.014820
DA41 1 0.000453 -0.018731 0.000453 -0.015716
DA41 2 -0.002844 -0.019904 -0.002844 -0.017517
DA41 3 -0.003990 -0.021902 -0.003990 -0.017244
DA45 0 -0.006332 -0.016877 -0.006332 -0.015752
DA45 1 -0.005413 -0.015245 -0.005413 -0.015242
DA45 2 -0.006383 -0.010755 -0.006383 -0.015254
DA45 3 -0.008240 -0.010856 -0.008240 -0.015436
DA48 0 -0.004258 -0.005127 -0.004258 -0.005175
DA48 1 -0.003830 -0.005108 -0.003830 -0.004482
DA48 2 -0.003052 -0.006892 -0.003052 -0.007530
DA48 3 -0.003948 -0.005498 -0.003948 -0.006740
DA50 0 0.002648 0.001374 0.002648 0.000268
DA50 1 0.003463 -0.004164 0.003463 -0.000463
DA50 2 -0.003919 0.008431 -0.003919 -0.003725
DA50 3 -0.007950 0.010134 -0.007950 -0.000882
DA52 0 -0.003357 -0.001339 -0.003357 -0.003308
DA52 1 -0.004205 -0.000574 -0.004205 -0.001903
DA52 2 -0.003781 0.002263 -0.003781 -0.000295
DA52 3 -0.006661 0.002596 -0.006661 0.000264
DA54 0 0.000352 -0.004701 0.000352 -0.008222
DA54 1 0.001647 -0.009021 0.001647 -0.006963
DA54 2 0.005776 -0.005670 0.005776 -0.003217
DA54 3 0.006523 -0.003532 0.006523 -0.005062
DA58 0 0.002053 0.002405 0.002053 0.005352
DA58 1 0.000591 0.000623 0.000591 0.003060
DA58 2 -0.001950 -0.003950 -0.001950 0.000856
DA58 3 -0.003458 -0.003283 -0.003458 0.000791
DA62 0 -0.002461 0.017615 -0.002461 0.016191
DA62 1 -0.002984 0.017598 -0.002984 0.014553
DA62 2 -0.002645 0.015389 -0.002645 0.013013
DA62 3 -0.002357 0.015893 -0.002357 0.013064
DA64 0 0.001035 -0.014869 0.001035 -0.001635
DA64 1 0.003485 -0.006263 0.003485 -0.003255
DA64 2 -0.013966 0.001200 -0.013966 -0.005329
DA64 3 -0.010854 -0.004113 -0.010854 -0.004960
DV02 0 -0.007986 0.007902 -0.007986 0.001687
DV02 1 -0.006373 0.009530 -0.006373 0.001956
DV02 2 -0.009378 0.008128 -0.009378 -0.001371
DV02 3 -0.011599 0.008109 -0.011599 -0.002106
DV08 0 -0.005385 0.003687 -0.005385 0.000173
DV08 1 -0.005731 0.004594 -0.005731 0.001565
DV08 2 -0.005410 0.005197 -0.005410 -0.001956
DV08 3 -0.007259 0.006584 -0.007259 0.002143
DV16 0 -0.002790 0.001245 -0.002790 0.002558
DV16 1 -0.002508 0.002569 -0.002508 0.002520
DV16 2 -0.002099 -0.001758 -0.002099 0.000886
DV16 3 -0.001912 -0.001138 -0.001912 0.000923
DV19 0 -0.006972 -0.000111 -0.006972 -0.004477
DV19 1 -0.006948 -0.000919 -0.006948 -0.006264
DV19 2 -0.004243 -0.006944 -0.004243 -0.012512
DV19 3 -0.003657 -0.006966 -0.003657 -0.012051
DV22 0 -0.001840 -0.000107 -0.001840 -0.001660
DV22 1 -0.000947 -0.000962 -0.000947 -0.001633
DV22 2 0.000180 -0.001905 0.000180 -0.004612
DV22 3 0.000253 0.000822 0.000253 -0.003780
DA44 0 -0.004095 0.002094 -0.004095 0.001015
DA44 1 -0.004947 0.005480 -0.004947 0.003497
DA44 2 -0.004978 0.000917 -0.004978 0.000471
DA44 3 -0.004744 0.001535 -0.004744 0.000837
DA46 0 -0.002517 0.013158 -0.002517 0.014122
DA46 1 -0.003172 0.011026 -0.003172 0.013472
DA46 2 -0.001124 0.007079 -0.001124 0.012971
DA46 3 0.002403 0.008441 0.002403 0.011241
DA47 0 0.001742 0.019704 0.001742 0.020010
DA47 1 0.001584 0.022598 0.001584 0.015810
DA47 2 -0.004927 0.019985 -0.004927 0.017071
DA47 3 -0.005225 0.013119 -0.005225 0.017188
DA51 0 -0.002448 0.012906 -0.002448 0.011428
DA51 1 -0.003966 0.013547 -0.003966 0.011266
DA51 2 -0.001797 0.009800 -0.001797 0.008857
DA51 3 -0.001354 0.012021 -0.001354 0.009782
DA59 0 0.007386 -0.004268 0.007386 -0.000272
DA59 1 0.006050 -0.004001 0.006050 0.001601
DA59 2 0.007452 -0.003019 0.007452 0.003888
DA59 3 0.007259 -0.000680 0.007259 0.002326
DA60 0 -0.000065 0.001205 -0.000065 -0.002177
DA60 1 -0.001169 0.003203 -0.001169 0.000788
DA60 2 -0.002586 0.000577 -0.002586 -0.004576
DA60 3 -0.001801 -0.000678 -0.001801 -0.003421
DA61 0 0.000487 -0.008562 0.000487 -0.008489
DA61 1 0.001413 -0.010734 0.001413 -0.010304
DA61 2 0.002447 -0.009488 0.002447 -0.010833
DA61 3 0.001403 -0.009560 0.001403 -0.012533
DA63 0 -0.005490 -0.001115 -0.005490 -0.004716
DA63 1 -0.004240 -0.002054 -0.004240 -0.004970
DA63 2 -0.002713 -0.001120 -0.002713 -0.004262
DA63 3 -0.003120 -0.001058 -0.003120 -0.004628
DV01 0 -0.002446 0.001287 -0.002446 0.001981
DV01 1 -0.002647 0.001475 -0.002647 0.001145
DV01 2 -0.001475 0.003597 -0.001475 0.005883
DV01 3 -0.000411 0.003881 -0.000411 0.006571
DV04 0 0.002927 0.006425 0.002927 0.011573
DV04 1 0.000361 0.008035 0.000361 0.010121
DV04 2 -0.002732 0.005075 -0.002732 0.008433
DV04 3 -0.001086 0.002813 -0.001086 0.011143
DV10 0 0.003872 0.012917 0.003872 0.019244
DV10 1 0.001944 0.014556 0.001944 0.016723
DV10 2 0.000241 0.012458 0.000241 0.014821
DV10 3 0.002082 0.010519 0.002082 0.015492
DV12 0 0.006888 0.003318 0.006888 0.009420
DV12 1 0.003474 0.004874 0.003474 0.006398
DV12 2 0.000600 0.003817 0.000600 0.006180
DV12 3 0.001442 -0.000788 0.001442 0.007391
DV17 0 0.008315 -0.018184 0.008315 -0.011105
DV17 1 0.010724 -0.017932 0.010724 -0.012874
DV17 2 0.007366 -0.010373 0.007366 -0.002905
DV17 3 0.007103 -0.011345 0.007103 -0.004073
DV20 0 -0.001096 -0.005500 -0.001096 -0.007059
DV20 1 -0.000394 -0.005977 -0.000394 -0.008533
DV20 2 0.000265 -0.003544 0.000265 -0.004384
DV20 3 -0.000252 -0.003305 -0.000252 -0.007588
DV21 0 0.000405 -0.011655 0.000405 -0.012135
DV21 1 -0.000230 -0.010848 -0.000230 -0.012869
DV21 2 0.001049 -0.010882 0.001049 -0.013019
DV21 3 0.001377 -0.009987 0.001377 -0.012514
DV24 0 0.006153 0.000515 0.006153 0.001115
DV24 1 0.006121 0.002843 0.006121 0.001667
DV24 2 0.006910 0.009714 0.006910 0.005910
DV24 3 0.004313 0.009089 0.004313 0.006928
DV25 0 -0.001603 0.002366 -0.001603 0.003468
DV25 1 -0.000426 0.002027 -0.000426 0.000933
DV25 2 -0.003344 0.006930 -0.003344 0.004344
DV25 3 -0.001263 0.006063 -0.001263 0.003491
